1547792570393389
1547792570691323
1547792570889947
1547792570989204
1547792571088511
1547792571187801
1547792571287128
1547792571386415
1547792571485738
1547792571585027
1547792571684309
1547792571783640
1547792571882938
1547792571982240
1547792572081535
1547792572180820
1547792572280153
1547792572379442
1547792572478753
1547792572578058
1547792572677377
1547792572776667
1547792572875952
1547792572975266
1547792573074566
1547792573173879
1547792573273176
1547792573372473
1547792573471792
1547792573571117
1547792573670421
1547792573769725
1547792573869038
1547792573968327
1547792574067624
1547792574166977
1547792574266271
1547792574365570
1547792574464843
1547792574564133
1547792574663483
1547792574762816
1547792574862073
1547792574961370
1547792575060702
1547792575159978
1547792575259269
1547792575358597
1547792575457884
1547792575557199
1547792575656500
1547792575755796
1547792575855103
1547792575954413
1547792576053729
1547792576153018
1547792576252329
1547792576351621
1547792576450907
1547792576550225
1547792576649519
1547792576748849
1547792576848133
1547792576947421
1547792577046742
1547792577146039
1547792577245355
1547792577344685
1547792577443971
1547792577543263
1547792577642558
1547792577741876
1547792577841164
1547792577940483
1547792578039772
1547792578139063
1547792578238387
1547792578337678
1547792578437005
1547792578536286
1547792578635616
1547792578734906
1547792578834207
1547792578933523
1547792579032808
1547792579132125
1547792579231416
1547792579330709
1547792579430033
1547792579529326
1547792579628647
1547792579727939
1547792579827258
1547792579926560
1547792580025850
1547792580125159
1547792580224452
1547792580323772
1547792580423065
1547792580522354
1547792580621690
1547792580720977
1547792580820296
1547792580919581
1547792581018909
1547792581118189
1547792581217490
1547792581316804
1547792581416095
1547792581515415
1547792581614700
1547792581714085
1547792581813336
1547792581912614
1547792582011937
1547792582111221
1547792582210540
1547792582309839
1547792582409127
1547792582508445
1547792582607740
1547792582707064
1547792582806358
1547792582905644
1547792583004965
1547792583104258
1547792583203614
1547792583302874
1547792583402187
1547792583501477
1547792583600769
1547792583700093
1547792583799387
1547792583898701
1547792583997991
1547792584097269
1547792584196616
1547792584295899
1547792584395223
1547792584494541
1547792584593833
1547792584693125
1547792584792420
1547792584891739
1547792584991025
1547792585090349
1547792585189675
1547792585288929
1547792585388249
1547792585487543
1547792585586879
1547792585686162
1547792585785481
1547792585884768
1547792585984058
1547792586083375
1547792586182756
1547792586282018
1547792586381277
1547792586480571
1547792586579894
1547792586679160
1547792586778497
1547792586877780
1547792586977097
1547792587076390
1547792587175687
1547792587274999
1547792587374298
1547792587473611
1547792587572904
1547792587672187
1547792587771522
1547792587870822
1547792587970144
1547792588069420
1547792588168744
1547792588268031
1547792588367327
1547792588466659
1547792588565934
1547792588665263
1547792588764554
1547792588863838
1547792588963160
1547792589062457
1547792589161773
1547792589261066
1547792589360396
1547792589459682
1547792589558972
1547792589658289
1547792589757592
1547792589856923
1547792589956199
1547792590055489
1547792590154819
1547792590254097
1547792590353422
1547792590452700
1547792590552019
1547792590651326
1547792590750614
1547792590849932
1547792590949223
1547792591048535
1547792591147831
1547792591247134
1547792591346449
1547792591445738
1547792591545056
1547792591644349
1547792591743688
1547792591842964
1547792591942255
1547792592041576
1547792592140867
1547792592240187
1547792592339484
1547792592438771
1547792592538090
1547792592637389
1547792592736709
1547792592835998
1547792592935316
1547792593034606
1547792593133901
1547792593233220
1547792593332511
1547792593431835
1547792593531141
1547792593630415
1547792593729746
1547792593829035
1547792593928369
1547792594027658
1547792594126986
1547792594226277
1547792594325567
1547792594424890
1547792594524185
1547792594623499
1547792594722836
1547792594822082
1547792594921397
1547792595020693
1547792595120010
1547792595219302
1547792595318623
1547792595417915
1547792595517209
1547792595616534
1547792595715852
1547792595815163
1547792595914427
1547792596013726
1547792596113045
1547792596212338
1547792596311658
1547792596410948
1547792596510268
1547792596609558
1547792596708872
1547792596808178
1547792596907462
1547792597006804
1547792597106073
1547792597205367
1547792597304689
1547792597403978
1547792597503298
1547792597602590
1547792597701911
1547792597801211
1547792597900501
1547792597999819
1547792598099106
1547792598198428
1547792598297725
1547792598397020
1547792598496334
1547792598595626
1547792598694940
1547792598794258
1547792598893553
1547792598992850
1547792599092139
1547792599191459
1547792599290758
1547792599390069
1547792599489362
1547792599588671
1547792599687978
1547792599787280
1547792599886605
1547792599985882
1547792600085201
1547792600184498
1547792600283783
1547792600383120
1547792600482397
1547792600581710
1547792600681006
1547792600780304
1547792600879621
1547792600978912
1547792601078233
1547792601177526
1547792601276855
1547792601376132
1547792601475429
1547792601574748
1547792601674039
1547792601773371
1547792601872666
1547792601971944
1547792602071263
1547792602170560
1547792602269878
1547792602369188
1547792602468489
1547792602567777
1547792602667093
1547792602766413
1547792602865691
1547792602965008
1547792603064294
